header
0.826
0.826
0.826
0.826
0.826
0.826
0.826
0.826
0.826
0.826
0.826
0.826
0.826
0.826
0.826
0.826
0.826
0.826
0.826
0.826
0.826
0.826
0.826
0.826
0.826
0.826
0.826
0.826
0.826
0.826
0.826
0.826
0.826
0.826
0.826
0.826
0.826
0.826
0.844
0.854
0.862
0.872
0.882
0.896
0.896
0.9
0.902
0.902
0.902
0.904
0.906
0.908
0.91
0.91
0.914
0.916
0.92
0.924
0.926
0.926
0.926
0.926
0.928
0.93
0.93
0.93
0.93
0.93
0.93
0.934
0.938
0.938
0.938
0.94
0.94
0.94
0.942
0.942
0.942
0.942
0.944
0.944
0.946
0.946
0.948
0.948
0.948
0.948
0.948
0.952
0.954
0.954
0.954
0.954
0.954
0.954
0.954
0.954
0.954
0.954
0.954
0.954
0.954
0.954
0.954
0.954
0.954
0.956
0.956
0.956
0.956
0.956
0.956
0.958
0.958
0.958
0.96
0.96
0.96
0.96
0.96
0.96
0.96
0.96
0.96
0.962
0.962
0.962
0.962
0.962
0.962
0.964
0.964
0.964
0.964
0.964
0.966
0.966
0.968
0.968
0.968
0.968
0.968
0.968
0.97
0.97
0.97
0.97
0.97
0.97
0.97
0.97
0.97
0.97
0.97
0.97
0.97
0.97
0.97
0.972
0.972
0.972
0.972
0.972
0.974
0.974
0.974
0.974
0.974
0.974
0.974
0.976
0.978
0.978
0.978
0.978
0.978
0.978
0.978
0.978
0.978
0.978
0.978
0.978
0.978
0.978
0.978
0.978
0.98
0.98
0.98
0.98
0.98
0.98
0.98
0.98
0.98
0.98
0.98
0.98
0.98
0.98
0.982
0.982
0.982
0.982
0.982
0.982
0.982
0.984
0.984
0.984
0.984
0.984
0.984
0.984
0.984
0.984
0.986
0.986
0.986
0.986
0.986
0.986
0.986
0.986
0.986
0.986
0.986
0.986
0.986
0.986
0.986
0.986
0.986
0.986
0.986
0.986
0.986
0.986
0.986
0.986
0.986
0.986
0.986
0.986
0.986
0.986
0.986
0.986
0.986
0.986
0.986
0.986
0.986
0.986
0.986
0.986
0.986
0.986
0.986
0.986
0.986
0.986
0.986
0.986
0.986
0.986
0.986
0.986
0.986
0.986
0.986
0.986
0.986
0.986
0.986
0.986
0.986
0.986
0.986
0.986
0.986
0.986
0.986
0.986
0.986
0.986
0.986
0.986
0.986
0.986
0.986
0.986
0.986
0.986
0.986
0.986
0.986
0.986
