header
144.691
144.575
144.537
144.519
144.504
144.487
144.466
144.437
144.399
144.349
144.284
144.2
144.091
143.95
143.765
143.519
143.186
142.729
142.103
141.262
140.177
138.843
137.284
135.542
133.665
131.695
129.671
127.634
125.618
123.647
121.725
119.818
117.849
115.703
113.295
110.651
107.882
105.066
102.22
99.343
96.4531
93.5952
90.828
88.2077
85.7741
83.5422
81.5059
79.6466
77.9424
76.372
74.9172
73.5629
72.2966
71.1081
69.9889
68.9316
67.9303
66.9794
66.0745
65.2116
64.3872
63.5982
62.842
62.1162
61.4187
60.7476
60.1012
59.4779
58.8763
58.2953
57.7335
57.19
56.6638
56.1539
55.6595
55.1799
54.7143
54.262
53.8226
53.3952
52.9795
52.5749
52.1809
51.7971
51.423
51.0583
50.7026
50.3555
50.0167
49.6859
49.3627
49.047
48.7383
48.4365
48.1413
47.8525
47.5699
47.2932
47.0222
46.7568
46.4968
46.242
45.9921
45.7472
45.5069
45.2713
45.04
44.813
44.5902
44.3715
44.1566
43.9456
43.7382
43.5345
43.3342
43.1373
42.9437
42.7533
42.5661
42.3818
42.2006
42.0222
41.8466
41.6738
41.5036
41.336
41.171
41.0084
40.8482
40.6904
40.5349
40.3817
40.2306
40.0816
39.9348
39.79
39.6472
39.5063
39.3673
39.2302
39.095
38.9615
38.8298
38.6997
38.5714
38.4447
38.3196
38.1961
38.0741
37.9536
37.8346
37.717
37.6009
37.4861
37.3728
37.2607
37.15
37.0406
36.9324
36.8254
36.7197
36.6152
36.5119
36.4097
36.3086
36.2086
36.1098
36.012
35.9152
35.8195
35.7248
35.6311
35.5384
35.4466
35.3558
35.2659
35.177
35.0889
35.0018
34.9155
34.83
34.7454
34.6616
34.5787
34.4965
34.4152
34.3346
34.2548
34.1757
34.0974
34.0199
33.943
33.8669
33.7914
33.7166
33.6426
33.5692
33.4964
33.4243
33.3528
33.282
33.2118
33.1422
33.0732
33.0048
32.937
32.8698
32.8031
32.737
32.6715
32.6065
32.542
32.4781
32.4147
32.3519
32.2895
32.2277
32.1663
32.1054
32.0451
31.9852
31.9258
31.8668
31.8084
31.7503
31.6928
31.6356
31.5789
31.5227
31.4669
31.4115
31.3565
31.3019
31.2478
31.194
31.1407
31.0877
31.0352
30.983
30.9312
30.8798
30.8288
30.7781
30.7278
30.6779
30.6283
30.579
30.5302
30.4816
30.4334
30.3856
30.3381
30.2909
30.244
30.1975
30.1513
30.1054
30.0598
30.0145
29.9696
29.9249
29.8806
29.8365
29.7928
29.7493
29.7061
29.6633
29.6207
29.5783
29.5363
29.4945
29.453
29.4118
29.3709
29.3302
29.2898
29.2496
29.2097
29.1701
29.1307
29.0916
29.0527
29.014
28.9756
28.9375
28.8996
28.8619
28.8245
28.7873
28.7503
28.7136
28.6771
28.6408
28.6047
28.5689
28.5332
28.4978
28.4626
28.4277
28.3929
