header
0.814
0.814
0.814
0.814
0.814
0.814
0.814
0.814
0.814
0.814
0.814
0.814
0.814
0.814
0.814
0.814
0.814
0.814
0.814
0.814
0.814
0.814
0.814
0.814
0.814
0.814
0.814
0.814
0.814
0.814
0.814
0.814
0.814
0.814
0.814
0.814
0.814
0.814
0.814
0.814
0.814
0.826
0.834
0.842
0.862
0.87
0.872
0.882
0.888
0.89
0.9
0.902
0.904
0.906
0.908
0.912
0.916
0.918
0.92
0.924
0.924
0.926
0.934
0.938
0.94
0.94
0.94
0.942
0.944
0.946
0.946
0.946
0.948
0.95
0.95
0.952
0.954
0.956
0.956
0.956
0.956
0.956
0.956
0.956
0.958
0.958
0.958
0.958
0.958
0.958
0.958
0.958
0.958
0.96
0.96
0.962
0.962
0.962
0.962
0.962
0.962
0.962
0.962
0.962
0.962
0.962
0.962
0.962
0.962
0.962
0.964
0.964
0.964
0.966
0.966
0.968
0.968
0.968
0.97
0.97
0.97
0.97
0.97
0.97
0.97
0.97
0.968
0.968
0.968
0.968
0.968
0.968
0.97
0.97
0.97
0.97
0.97
0.972
0.972
0.972
0.972
0.97
0.97
0.97
0.97
0.97
0.97
0.97
0.97
0.97
0.97
0.97
0.97
0.97
0.972
0.97
0.97
0.97
0.97
0.972
0.972
0.97
0.97
0.97
0.97
0.97
0.97
0.97
0.97
0.97
0.97
0.97
0.97
0.97
0.97
0.97
0.97
0.97
0.97
0.97
0.97
0.97
0.97
0.97
0.97
0.972
0.972
0.972
0.972
0.972
0.972
0.972
0.972
0.972
0.972
0.972
0.972
0.972
0.972
0.972
0.972
0.972
0.972
0.972
0.972
0.972
0.972
0.972
0.972
0.972
0.972
0.972
0.972
0.97
0.97
0.97
0.97
0.97
0.97
0.97
0.97
0.97
0.97
0.97
0.97
0.97
0.97
0.97
0.97
0.97
0.97
0.97
0.97
0.97
0.97
0.97
0.97
0.97
0.97
0.97
0.97
0.97
0.97
0.97
0.97
0.97
0.97
0.97
0.97
0.97
0.968
0.968
0.968
0.968
0.968
0.968
0.966
0.966
0.966
0.966
0.966
0.966
0.966
0.966
0.966
0.966
0.964
0.964
0.964
0.964
0.962
0.96
0.96
0.96
0.96
0.96
0.96
0.96
0.96
0.96
0.96
0.96
0.96
0.96
0.96
0.96
0.96
0.958
0.958
0.958
0.958
0.958
0.958
0.958
0.958
0.958
0.958
0.958
0.958
0.958
