header
26.0746
23.0456
19.6733
17.6315
15.1876
12.6529
10.937
9.81637
9.04014
8.46862
8.02836
7.6777
7.39091
7.1511
6.94667
6.76944
6.61345
6.47432
6.34876
6.23431
6.12906
6.03155
5.94064
5.85544
5.77523
5.69945
5.62761
5.55935
5.49434
5.43231
5.37302
5.31627
5.26189
5.20974
5.15966
5.11153
5.06526
5.02073
4.97785
4.93655
4.89675
4.85836
4.82134
4.78561
4.75113
4.71783
4.68566
4.65459
4.62456
4.59553
4.56747
4.54033
4.51409
4.4887
4.46413
4.44036
4.41736
4.39509
4.37353
4.35265
4.33244
4.31286
4.2939
4.27553
4.25773
4.24048
4.22377
4.20758
4.19188
4.17667
4.16192
4.14762
4.13375
4.12031
4.10727
4.09462
4.08236
4.07046
4.05892
4.04773
4.03687
4.02633
4.0161
4.00618
3.99655
3.98721
3.97814
3.96934
3.9608
3.95251
3.94446
3.93665
3.92907
3.92171
3.91456
3.90763
3.90089
3.89436
3.88802
3.88186
3.87588
3.87008
3.86445
3.85899
3.85368
3.84854
3.84354
3.8387
3.83399
3.82943
3.82501
3.82071
3.81655
3.81251
3.8086
3.8048
3.80112
3.79755
3.79409
3.79075
3.7875
3.78436
3.78132
3.77837
3.77552
3.77276
3.77009
3.76751
3.76501
3.7626
3.76027
3.75802
3.75585
3.75375
3.75173
3.74978
3.7479
3.74609
3.74434
3.74267
3.74106
3.73951
3.73802
3.73659
3.73522
3.73391
3.73266
3.73146
3.73032
3.72923
3.72819
3.7272
3.72626
3.72537
3.72453
3.72373
3.72298
3.72227
3.72161
3.72099
3.72041
3.71988
3.71938
3.71892
3.71851
3.71813
3.71778
3.71748
3.71721
3.71697
3.71677
3.7166
3.71647
3.71637
3.7163
3.71626
3.71625
3.71627
3.71632
3.7164
3.71651
3.71665
3.71681
3.717
3.71722
3.71746
3.71773
3.71802
3.71834
3.71868
3.71904
3.71943
3.71984
3.72027
3.72073
3.7212
3.7217
3.72222
3.72275
3.72331
3.72389
3.72448
3.7251
3.72573
3.72638
3.72705
3.72774
3.72844
3.72916
3.72989
3.73065
3.73142
3.7322
3.733
3.73381
3.73464
3.73548
3.73634
3.73721
3.73809
3.73899
3.7399
3.74082
3.74176
3.7427
3.74366
3.74463
3.74562
3.74661
3.74761
3.74863
3.74965
3.75069
3.75173
3.75279
3.75385
3.75493
3.75601
3.7571
3.7582
3.75931
3.76043
3.76155
3.76268
3.76383
3.76497
3.76613
3.76729
3.76846
3.76963
3.77082
3.772
3.7732
3.7744
3.7756
3.77681
3.77803
3.77925
3.78048
3.78171
3.78295
3.78419
3.78543
3.78668
3.78793
3.78919
3.79045
3.79172
3.79298
3.79425
3.79553
3.7968
3.79808
3.79936
3.80065
3.80193
3.80322
3.80451
3.80581
3.8071
3.8084
3.80969
3.81099
3.81229
3.81359
3.81489
3.8162
3.8175
3.8188
3.82011
3.82141
3.82272
3.82402
3.82533
3.82663
3.82794
3.82924
3.83055
3.83185
3.83315
3.83445
3.83575
3.83705
3.83835
3.83965
3.84095
3.84224
3.84354
3.84483
3.84612
3.84741
3.8487
3.84998
3.85126
3.85255
3.85382
3.8551
3.85638
3.85765
3.85892
3.86019
3.86145
3.86271
3.86397
3.86523
3.86648
3.86773
3.86898
3.87022
3.87147
3.8727
3.87394
3.87517
3.8764
3.87763
3.87885
3.88006
3.88128
3.88249
3.8837
3.8849
3.8861
3.8873
3.88849
3.88968
3.89086
3.89204
3.89322
3.89439
3.89556
3.89672
3.89788
3.89904
3.90019
3.90134
3.90248
3.90362
3.90475
3.90588
3.90701
3.90813
3.90925
3.91036
3.91147
3.91257
3.91367
3.91476
3.91585
3.91694
3.91802
3.91909
3.92017
3.92123
3.92229
3.92335
3.9244
3.92545
3.92649
3.92753
3.92857
3.92959
3.93062
3.93164
3.93265
3.93366
3.93467
3.93567
3.93666
3.93765
3.93864
3.93962
3.9406
3.94157
3.94253
3.9435
3.94445
3.9454
3.94635
3.94729
3.94823
3.94916
3.95009
3.95102
3.95193
3.95285
3.95376
3.95466
3.95556
3.95646
3.95734
3.95823
3.95911
3.95999
3.96086
3.96172
3.96258
3.96344
3.96429
3.96514
3.96598
3.96682
3.96765
3.96848
3.96931
3.97013
3.97094
3.97175
3.97256
3.97336
3.97415
3.97494
3.97573
3.97651
3.97729
3.97806
3.97883
3.9796
3.98036
3.98111
3.98186
3.98261
3.98335
3.98409
3.98482
3.98555
3.98628
3.987
3.98771
3.98842
3.98913
3.98983
3.99053
3.99123
3.99192
3.9926
3.99328
3.99396
3.99463
3.9953
3.99597
3.99663
3.99728
3.99794
3.99858
3.99923
3.99987
4.0005
4.00114
4.00176
4.00239
4.00301
4.00362
4.00423
4.00484
4.00545
4.00604
4.00664
4.00723
4.00782
4.0084
4.00899
4.00956
4.01013
4.0107
4.01127
4.01183
4.01239
4.01294
4.01349
4.01404
4.01458
4.01512
4.01565
4.01619
4.01671
4.01724
4.01776
4.01828
4.01879
4.0193
